7585000000
7585000001
7585000002
7585000003
7585000004
7585000005
7585000006
7585000007
7585000008
7585000009
7585000010
7585000011
7585000012
7585000013
7585000014
7585000015
7585000016
7585000017
7585000018
7585000019
7585000020
7585000021
7585000022
7585000023
7585000024
7585000025
7585000026
7585000027
7585000028
7585000029
7585000030
7585000031
7585000032
7585000033
7585000034
7585000035
7585000036
7585000037
7585000038
7585000039
7585000040
7585000041
7585000042
7585000043
7585000044
7585000045
7585000046
7585000047
7585000048
7585000049
7585000050
7585000051
7585000052
7585000053
7585000054
7585000055
7585000056
7585000057
7585000058
7585000059
7585000060
7585000061
7585000062
7585000063
7585000064
7585000065
7585000066
7585000067
7585000068
7585000069
7585000070
7585000071
7585000072
7585000073
7585000074
7585000075
7585000076
7585000077
7585000078
7585000079
7585000080
7585000081
7585000082
7585000083
7585000084
7585000085
7585000086
7585000087
7585000088
7585000089
7585000090
7585000091
7585000092
7585000093
7585000094
7585000095
7585000096
7585000097
7585000098
7585000099
7585000100
7585000101
7585000102
7585000103
7585000104
7585000105
7585000106
7585000107
7585000108
7585000109
7585000110
7585000111
7585000112
7585000113
7585000114
7585000115
7585000116
7585000117
7585000118
7585000119
7585000120
7585000121
7585000122
7585000123
7585000124
7585000125
7585000126
7585000127
7585000128
7585000129
7585000130
7585000131
7585000132
7585000133
7585000134
7585000135
7585000136
7585000137
7585000138
7585000139
7585000140
7585000141
7585000142
7585000143
7585000144
7585000145
7585000146
7585000147
7585000148
7585000149
7585000150
7585000151
7585000152
7585000153
7585000154
7585000155
7585000156
7585000157
7585000158
7585000159
7585000160
7585000161
7585000162
7585000163
7585000164
7585000165
7585000166
7585000167
7585000168
7585000169
7585000170
7585000171
7585000172
7585000173
7585000174
7585000175
7585000176
7585000177
7585000178
7585000179
7585000180
7585000181
7585000182
7585000183
7585000184
7585000185
7585000186
7585000187
7585000188
7585000189
7585000190
7585000191
7585000192
7585000193
7585000194
7585000195
7585000196
7585000197
7585000198
7585000199
7585000200
7585000201
7585000202
7585000203
7585000204
7585000205
7585000206
7585000207
7585000208
7585000209
7585000210
7585000211
7585000212
7585000213
7585000214
7585000215
7585000216
7585000217
7585000218
7585000219
7585000220
7585000221
7585000222
7585000223
7585000224
7585000225
7585000226
7585000227
7585000228
7585000229
7585000230
7585000231
7585000232
7585000233
7585000234
7585000235
7585000236
7585000237
7585000238
7585000239
7585000240
7585000241
7585000242
7585000243
7585000244
7585000245
7585000246
7585000247
7585000248
7585000249
7585000250
7585000251
7585000252
7585000253
7585000254
7585000255
7585000256
7585000257
7585000258
7585000259
7585000260
7585000261
7585000262
7585000263
7585000264
7585000265
7585000266
7585000267
7585000268
7585000269
7585000270
7585000271
7585000272
7585000273
7585000274
7585000275
7585000276
7585000277
7585000278
7585000279
7585000280
7585000281
7585000282
7585000283
7585000284
7585000285
7585000286
7585000287
7585000288
7585000289
7585000290
7585000291
7585000292
7585000293
7585000294
7585000295
7585000296
7585000297
7585000298
7585000299
7585000300
7585000301
7585000302
7585000303
7585000304
7585000305
7585000306
7585000307
7585000308
7585000309
7585000310
7585000311
7585000312
7585000313
7585000314
7585000315
7585000316
7585000317
7585000318
7585000319
7585000320
7585000321
7585000322
7585000323
7585000324
7585000325
7585000326
7585000327
7585000328
7585000329
7585000330
7585000331
7585000332
7585000333
7585000334
7585000335
7585000336
7585000337
7585000338
7585000339
7585000340
7585000341
7585000342
7585000343
7585000344
7585000345
7585000346
7585000347
7585000348
7585000349
7585000350
7585000351
7585000352
7585000353
7585000354
7585000355
7585000356
7585000357
7585000358
7585000359
7585000360
7585000361
7585000362
7585000363
7585000364
7585000365
7585000366
7585000367
7585000368
7585000369
7585000370
7585000371
7585000372
7585000373
7585000374
7585000375
7585000376
7585000377
7585000378
7585000379
7585000380
7585000381
7585000382
7585000383
7585000384
7585000385
7585000386
7585000387
7585000388
7585000389
7585000390
7585000391
7585000392
7585000393
7585000394
7585000395
7585000396
7585000397
7585000398
7585000399
7585000400
7585000401
7585000402
7585000403
7585000404
7585000405
7585000406
7585000407
7585000408
7585000409
7585000410
7585000411
7585000412
7585000413
7585000414
7585000415
7585000416
7585000417
7585000418
7585000419
7585000420
7585000421
7585000422
7585000423
7585000424
7585000425
7585000426
7585000427
7585000428
7585000429
7585000430
7585000431
7585000432
7585000433
7585000434
7585000435
7585000436
7585000437
7585000438
7585000439
7585000440
7585000441
7585000442
7585000443
7585000444
7585000445
7585000446
7585000447
7585000448
7585000449
7585000450
7585000451
7585000452
7585000453
7585000454
7585000455
7585000456
7585000457
7585000458
7585000459
7585000460
7585000461
7585000462
7585000463
7585000464
7585000465
7585000466
7585000467
7585000468
7585000469
7585000470
7585000471
7585000472
7585000473
7585000474
7585000475
7585000476
7585000477
7585000478
7585000479
7585000480
7585000481
7585000482
7585000483
7585000484
7585000485
7585000486
7585000487
7585000488
7585000489
7585000490
7585000491
7585000492
7585000493
7585000494
7585000495
7585000496
7585000497
7585000498
7585000499
7585000500
7585000501
7585000502
7585000503
7585000504
7585000505
7585000506
7585000507
7585000508
7585000509
7585000510
7585000511
7585000512
7585000513
7585000514
7585000515
7585000516
7585000517
7585000518
7585000519
7585000520
7585000521
7585000522
7585000523
7585000524
7585000525
7585000526
7585000527
7585000528
7585000529
7585000530
7585000531
7585000532
7585000533
7585000534
7585000535
7585000536
7585000537
7585000538
7585000539
7585000540
7585000541
7585000542
7585000543
7585000544
7585000545
7585000546
7585000547
7585000548
7585000549
7585000550
7585000551
7585000552
7585000553
7585000554
7585000555
7585000556
7585000557
7585000558
7585000559
7585000560
7585000561
7585000562
7585000563
7585000564
7585000565
7585000566
7585000567
7585000568
7585000569
7585000570
7585000571
7585000572
7585000573
7585000574
7585000575
7585000576
7585000577
7585000578
7585000579
7585000580
7585000581
7585000582
7585000583
7585000584
7585000585
7585000586
7585000587
7585000588
7585000589
7585000590
7585000591
7585000592
7585000593
7585000594
7585000595
7585000596
7585000597
7585000598
7585000599
7585000600
7585000601
7585000602
7585000603
7585000604
7585000605
7585000606
7585000607
7585000608
7585000609
7585000610
7585000611
7585000612
7585000613
7585000614
7585000615
7585000616
7585000617
7585000618
7585000619
7585000620
7585000621
7585000622
7585000623
7585000624
7585000625
7585000626
7585000627
7585000628
7585000629
7585000630
7585000631
7585000632
7585000633
7585000634
7585000635
7585000636
7585000637
7585000638
7585000639
7585000640
7585000641
7585000642
7585000643
7585000644
7585000645
7585000646
7585000647
7585000648
7585000649
7585000650
7585000651
7585000652
7585000653
7585000654
7585000655
7585000656
7585000657
7585000658
7585000659
7585000660
7585000661
7585000662
7585000663
7585000664
7585000665
7585000666
7585000667
7585000668
7585000669
7585000670
7585000671
7585000672
7585000673
7585000674
7585000675
7585000676
7585000677
7585000678
7585000679
7585000680
7585000681
7585000682
7585000683
7585000684
7585000685
7585000686
7585000687
7585000688
7585000689
7585000690
7585000691
7585000692
7585000693
7585000694
7585000695
7585000696
7585000697
7585000698
7585000699
7585000700
7585000701
7585000702
7585000703
7585000704
7585000705
7585000706
7585000707
7585000708
7585000709
7585000710
7585000711
7585000712
7585000713
7585000714
7585000715
7585000716
7585000717
7585000718
7585000719
7585000720
7585000721
7585000722
7585000723
7585000724
7585000725
7585000726
7585000727
7585000728
7585000729
7585000730
7585000731
7585000732
7585000733
7585000734
7585000735
7585000736
7585000737
7585000738
7585000739
7585000740
7585000741
7585000742
7585000743
7585000744
7585000745
7585000746
7585000747
7585000748
7585000749
7585000750
7585000751
7585000752
7585000753
7585000754
7585000755
7585000756
7585000757
7585000758
7585000759
7585000760
7585000761
7585000762
7585000763
7585000764
7585000765
7585000766
7585000767
7585000768
7585000769
7585000770
7585000771
7585000772
7585000773
7585000774
7585000775
7585000776
7585000777
7585000778
7585000779
7585000780
7585000781
7585000782
7585000783
7585000784
7585000785
7585000786
7585000787
7585000788
7585000789
7585000790
7585000791
7585000792
7585000793
7585000794
7585000795
7585000796
7585000797
7585000798
7585000799
7585000800
7585000801
7585000802
7585000803
7585000804
7585000805
7585000806
7585000807
7585000808
7585000809
7585000810
7585000811
7585000812
7585000813
7585000814
7585000815
7585000816
7585000817
7585000818
7585000819
7585000820
7585000821
7585000822
7585000823
7585000824
7585000825
7585000826
7585000827
7585000828
7585000829
7585000830
7585000831
7585000832
7585000833
7585000834
7585000835
7585000836
7585000837
7585000838
7585000839
7585000840
7585000841
7585000842
7585000843
7585000844
7585000845
7585000846
7585000847
7585000848
7585000849
7585000850
7585000851
7585000852
7585000853
7585000854
7585000855
7585000856
7585000857
7585000858
7585000859
7585000860
7585000861
7585000862
7585000863
7585000864
7585000865
7585000866
7585000867
7585000868
7585000869
7585000870
7585000871
7585000872
7585000873
7585000874
7585000875
7585000876
7585000877
7585000878
7585000879
7585000880
7585000881
7585000882
7585000883
7585000884
7585000885
7585000886
7585000887
7585000888
7585000889
7585000890
7585000891
7585000892
7585000893
7585000894
7585000895
7585000896
7585000897
7585000898
7585000899
7585000900
7585000901
7585000902
7585000903
7585000904
7585000905
7585000906
7585000907
7585000908
7585000909
7585000910
7585000911
7585000912
7585000913
7585000914
7585000915
7585000916
7585000917
7585000918
7585000919
7585000920
7585000921
7585000922
7585000923
7585000924
7585000925
7585000926
7585000927
7585000928
7585000929
7585000930
7585000931
7585000932
7585000933
7585000934
7585000935
7585000936
7585000937
7585000938
7585000939
7585000940
7585000941
7585000942
7585000943
7585000944
7585000945
7585000946
7585000947
7585000948
7585000949
7585000950
7585000951
7585000952
7585000953
7585000954
7585000955
7585000956
7585000957
7585000958
7585000959
7585000960
7585000961
7585000962
7585000963
7585000964
7585000965
7585000966
7585000967
7585000968
7585000969
7585000970
7585000971
7585000972
7585000973
7585000974
7585000975
7585000976
7585000977
7585000978
7585000979
7585000980
7585000981
7585000982
7585000983
7585000984
7585000985
7585000986
7585000987
7585000988
7585000989
7585000990
7585000991
7585000992
7585000993
7585000994
7585000995
7585000996
7585000997
7585000998
7585000999